image_width: 640
image_height: 480
camera_name: left
camera_matrix:
  rows: 3
  cols: 3
  data: [487.265072, 0.000000, 332.962865, 0.000000, 487.653279, 232.869615, 0.000000, 0.000000, 1.000000]
distortion_model: plumb_bob
distortion_coefficients:
  rows: 1
  cols: 5
  data: [-0.411358, 0.158647, 0.000981, -0.001861, 0.000000]
rectification_matrix:
  rows: 3
  cols: 3
  data: [0.999939, 0.004248, 0.010185, -0.004150, 0.999945, -0.009663, -0.010226, 0.009620, 0.999901]
projection_matrix:
  rows: 3
  cols: 4
  data: [439.793164, 0.000000, 320.622505, 0.000000, 0.000000, 439.793164, 235.675732, 0.000000, 0.000000, 0.000000, 1.000000, 0.000000]
