image_width: 640
image_height: 480
camera_name: right
camera_matrix:
  rows: 3
  cols: 3
  data: [486.088047, 0.000000, 308.940239, 0.000000, 485.964380, 237.295591, 0.000000, 0.000000, 1.000000]
distortion_model: plumb_bob
distortion_coefficients:
  rows: 1
  cols: 5
  data: [-0.408271, 0.151161, 0.000271, 0.001250, 0.000000]
rectification_matrix:
  rows: 3
  cols: 3
  data: [0.999943, 0.000758, -0.010682, -0.000655, 0.999953, 0.009645, 0.010688, -0.009638, 0.999896]
projection_matrix:
  rows: 3
  cols: 4
  data: [439.793164, 0.000000, 320.622505, -52.442271, 0.000000, 439.793164, 235.675732, 0.000000, 0.000000, 0.000000, 1.000000, 0.000000]
